2,3,5,7,11,13,17,19,23,29,31,37,41,43,47,53,59,61,67,71,73,79,83

0
1
0,1
2
0,0,1
1,1
0,0,0,1
3
0,2
1,0,1
0,0,0,0,1
2,1
0,0,0,0,0,1
1,0,0,1
0,1,1
4
0,0,0,0,0,0,1
1,2
0,0,0,0,0,0,0,1
2,0,1
0,1,0,1
1,0,0,0,1
0,0,0,0,0,0,0,0,1
3,1
0,0,2
1,0,0,0,0,1
0,3
2,0,0,1
0,0,0,0,0,0,0,0,0,1
1,1,1
0,0,0,0,0,0,0,0,0,0,1
5
0,1,0,0,1
1,0,0,0,0,0,1
0,0,1,1
2,2
0,0,0,0,0,0,0,0,0,0,0,1
1,0,0,0,0,0,0,1
0,1,0,0,0,1
3,0,1
0,0,0,0,0,0,0,0,0,0,0,0,1
1,1,0,1
0,0,0,0,0,0,0,0,0,0,0,0,0,1
2,0,0,0,1
0,2,1
1,0,0,0,0,0,0,0,1
0,0,0,0,0,0,0,0,0,0,0,0,0,0,1
4,1
0,0,0,2
1,0,2
0,1,0,0,0,0,1
2,0,0,0,0,1
0,0,0,0,0,0,0,0,0,0,0,0,0,0,0,1
1,3
0,0,1,0,1
3,0,0,1
0,1,0,0,0,0,0,1
1,0,0,0,0,0,0,0,0,1
0,0,0,0,0,0,0,0,0,0,0,0,0,0,0,0,1
2,1,1
0,0,0,0,0,0,0,0,0,0,0,0,0,0,0,0,0,1
1,0,0,0,0,0,0,0,0,0,1
0,2,0,1
6
0,0,1,0,0,1
1,1,0,0,1
0,0,0,0,0,0,0,0,0,0,0,0,0,0,0,0,0,0,1
2,0,0,0,0,0,1
0,1,0,0,0,0,0,0,1
1,0,1,1
0,0,0,0,0,0,0,0,0,0,0,0,0,0,0,0,0,0,0,1
3,2
0,0,0,0,0,0,0,0,0,0,0,0,0,0,0,0,0,0,0,0,1
1,0,0,0,0,0,0,0,0,0,0,1
0,1,2
2,0,0,0,0,0,0,1
0,0,0,1,1
1,1,0,0,0,1
0,0,0,0,0,0,0,0,0,0,0,0,0,0,0,0,0,0,0,0,0,1
4,0,1
0,4
1,0,0,0,0,0,0,0,0,0,0,0,1
0,0,0,0,0,0,0,0,0,0,0,0,0,0,0,0,0,0,0,0,0,0,1
2,1,0,1
0,0,1,0,0,0,1
1,0,0,0,0,0,0,0,0,0,0,0,0,1
0,1,0,0,0,0,0,0,0,1
